100,334,1000,10.79,2.142,7.01,2.45,166.1,11.99,-.1,88.3,0
100,334,1100,10.8,2.186,7.69,2.96,166.9,12.47,.3,93.1,0
100,334,1200,10.79,2.119,9.53,3.57,164.8,13.07,-.1,99.1,0
100,334,1300,10.79,2.121,13.64,4,165.8,13.67,-.3,104.8,0
100,334,1400,10.79,2.131,12.29,4.78,161.9,13.58,.2,106.3,0
100,334,1500,10.79,2.142,11.72,4.79,161.6,13.6,0,106.5,0
100,334,1600,10.79,2.173,10.71,5,158.8,13.25,-.1,104.3,0
100,334,1700,10.8,2.194,9.61,4.86,163.2,12.44,.4,97.6,0
100,334,1800,10.8,2.231,9.45,4.64,160.2,11.94,1.1,93.1,0
100,334,1900,10.8,2.196,9.16,4.5,160.2,11.12,8.5,86.4,0
100,334,2000,10.8,2.209,9.29,4.19,163.3,10.43,3.7,80.4,0
100,334,2100,10.8,2.203,9.15,4.25,160,10.19,7.2,78.6,0
100,334,2200,10.8,2.216,8.98,3.76,163.7,10.08,4.3,76.9,0
100,334,2300,10.8,2.204,8.9,4,158.5,9.89,7.6,75.8,0
100,334,2400,10.8,2.193,8.98,3.97,162.2,10.04,.1,76.9,0
500,2008,335,11.3,1000,.5,-.5,999,14.29,13.94,8
100,335,100,10.8,2.231,8.84,4.02,162.6,9.98,.6,76.6,0
100,335,200,10.8,2.191,8.89,3.89,165.9,9.92,0,75.9,0
100,335,300,10.8,2.204,9.16,3.94,161.5,9.93,-.1,76,0
100,335,400,10.79,2.16,9.05,3.86,164.7,9.83,-.4,75.1,0
100,335,500,10.8,2.206,9.28,4.08,165.7,9.79,.7,75.3,0
100,335,600,10.79,2.157,9.45,3.94,164.2,9.68,.4,74.1,0
100,335,700,10.8,2.196,9.56,4.14,159.9,9.62,.4,74.1,0
100,335,800,10.8,2.201,9.32,4.09,163.1,9.71,1,74.7,0
100,335,900,10.8,2.189,8.49,4.19,159.9,10,.4,77,0
100,335,1000,10.8,2.186,9.66,4.14,161.1,10.41,0,80.1,0
100,335,1100,10.79,2.17,9.06,4.36,158.6,11.07,-.3,85.7,0
100,335,1200,10.79,2.16,8.98,4.08,162,11.58,0,89,0
100,335,1300,10.8,2.193,7.92,4.49,158,11.88,0,92.3,0
100,335,1400,10.8,2.219,6.814,4.41,159.5,12.01,.3,93.1,0
100,335,1500,10.8,2.229,6.357,4.19,177.2,11.88,.4,91.7,0
100,335,1550,10.94,3.513,5.891,4.17,199.6,11.39,.8,87.9,401
100,335,1555,10.97,3.824,5.776,4.08,209.8,11.29,.5,86.9,401
100,335,1600,10.99,4.062,5.798,4.09,220.5,11.24,.8,86.6,401
100,335,1605,10.99,4.14,5.691,4.12,239.2,11.01,1.3,84.9,401
100,335,1610,11,4.273,5.573,3.91,267.2,10.93,1.7,84,401
100,335,1615,11.01,4.383,5.362,4.06,300.7,10.82,5.5,83.5,401
100,335,1620,11.02,4.446,5.409,4.04,340,10.72,2.7,82.8,401
100,335,1625,11.02,4.506,5.243,4.02,372,10.64,6.2,82.3,401
100,335,1630,11.02,4.483,5.221,4.2,397.9,10.59,3.9,82.3,401
100,335,1635,11.02,4.495,5.097,4.13,423.2,10.51,6.1,81.7,401
100,335,1640,11.01,4.383,5.11,4.07,432.4,10.48,1.6,81.3,401
100,335,1645,11.01,4.31,5.085,4.11,428.7,10.39,1.3,80.7,401
100,335,1650,11.01,4.31,4.979,4.08,425,10.43,.9,80.9,401
100,335,1655,11,4.29,5.018,4.09,414.5,10.39,.8,80.6,401
100,335,1700,11.01,4.329,4.952,4.15,395.8,10.36,.4,80.5,401
100,335,1705,11,4.265,4.984,4.11,380.5,10.28,.5,79.7,401
100,335,1710,11,4.245,5.029,4.14,362.2,10.28,.5,79.7,904
100,335,1715,11,4.245,4.837,4.05,349.7,10.2,1,78.8,401
100,335,1720,11.01,4.366,4.778,3.91,328.5,10.19,1.9,78.4,401
100,335,1725,11.01,4.377,4.867,4,316.6,10.14,.9,78.2,401
100,335,1730,11.02,4.518,4.829,3.94,308.4,10.04,.9,77.3,401
100,335,1735,11.02,4.452,4.816,3.99,300.2,10.08,.6,77.7,401
100,335,1740,11.03,4.635,4.896,3.94,308.5,9.95,1,76.6,401
100,335,1745,11.04,4.76,4.798,3.87,304.5,9.9,.3,76.1,401
100,335,1750,11.06,4.988,4.852,3.87,309.5,9.8,1.3,75.3,401
100,335,1755,11.08,5.243,4.873,3.78,319,9.77,1.6,75,401
100,335,1800,11.12,5.783,4.665,3.84,321.3,9.78,1.4,75.1,401
100,335,1805,11.16,6.439,4.339,3.83,315.6,9.72,1.6,74.7,401
100,335,1810,11.21,7.14,4.054,3.81,313.3,9.66,1.5,74.1,401
100,335,1815,11.24,7.77,3.93,3.85,317.2,9.58,1.8,73.6,401
100,335,1820,11.28,8.35,3.765,3.76,316.7,9.62,1.9,73.8,401
100,335,1825,11.3,8.81,3.6,3.76,315.6,9.61,2.5,73.7,401
100,335,1830,11.32,9.27,3.802,3.71,329.1,9.6,1.5,73.5,401
100,335,1835,11.34,9.57,3.817,3.66,333.4,9.59,2.1,73.4,904
100,335,1840,11.36,9.9,3.652,3.71,325.3,9.58,1.7,73.4,401
100,335,1845,11.37,10.25,3.589,3.67,313.5,9.64,2.4,73.7,401
100,335,1850,11.38,10.41,3.569,3.71,304.9,9.62,7.4,73.6,401
100,335,1855,11.4,10.81,3.601,3.63,297.6,9.65,4.1,73.7,401
100,335,1900,11.41,11.14,3.505,3.52,300.1,9.75,5.4,74.2,401
100,335,1905,11.43,11.53,3.597,3.56,298.4,9.77,1.8,74.4,401
100,335,1910,11.46,12.1,3.543,3.53,306.9,9.8,1.6,74.6,401
100,335,1915,11.48,12.8,3.543,3.55,313.7,9.91,2,75.5,401
100,335,1920,11.52,13.7,3.566,3.56,329.3,9.92,1.7,75.7,904
100,335,1925,11.56,14.83,3.572,3.53,348.8,9.94,1.6,75.8,401
100,335,1930,11.6,15.85,3.648,3.55,360.1,9.94,1.2,75.9,401
100,335,1935,11.65,17.17,3.852,3.5,373.8,9.95,1.9,75.9,401
100,335,1940,11.7,18.46,3.747,3.51,394.8,9.93,2.1,75.8,401
100,335,1945,11.73,19.39,3.789,3.52,410.8,9.88,2.5,75.5,401
100,335,1950,11.77,20.48,3.813,3.5,415.7,9.87,3.1,75.4,904
100,335,1955,11.8,21.48,3.733,3.54,412.8,9.9,4.3,75.7,401
100,335,2000,11.82,22.31,3.793,3.51,412.7,9.88,2.7,75.5,401
100,335,2005,11.84,23.05,3.62,3.49,397.3,9.99,5.7,76.2,401
100,335,2010,11.87,23.81,3.618,3.48,384,10.03,6.3,76.5,401
100,335,2015,11.89,24.75,3.591,3.46,377.7,10.04,2.6,76.5,904
100,335,2020,11.91,25.46,3.411,3.48,378.5,9.99,2,76.1,401
100,335,2025,11.94,26.42,3.52,3.46,398.6,9.87,1.4,75.3,401
100,335,2030,11.97,27.54,3.587,3.46,425.9,9.75,2.4,74.5,401
100,335,2035,12,28.59,3.509,3.5,461.6,9.64,2.4,73.8,904
100,335,2040,12.03,29.64,3.482,3.53,485.1,9.58,2.1,73.5,401
100,335,2045,12.05,30.63,3.556,3.58,492.7,9.5,6.4,72.9,401
100,335,2050,12.09,32.08,3.575,3.59,497.3,9.47,2.3,72.7,904
100,335,2056,12.11,33.05,3.71,3.6,505,9.45,5.2,72.6,401
100,335,2100,12.14,34.4,3.59,3.61,509.6,9.43,10.7,72.5,401
100,335,2105,12.16,35.2,3.539,3.6,515.7,9.42,2.4,72.4,904
100,335,2110,12.18,35.88,3.521,3.61,518.5,9.45,2.4,72.7,401
100,335,2115,12.2,36.61,3.529,3.59,521.7,9.48,2.7,72.9,401
100,335,2120,12.21,37.38,3.636,3.58,522.3,9.49,6.5,73,904
100,335,2125,12.23,38.12,3.699,3.57,522.1,9.53,3.3,73.2,401
100,335,2130,12.24,38.65,3.528,3.58,522.3,9.52,14.2,73.2,401
100,335,2136,12.26,39.36,3.598,3.61,522.1,9.51,18.2,73.2,904
100,335,2140,12.26,39.7,3.472,3.62,520.4,9.48,41,73,401
100,335,2145,12.28,40.51,3.683,3.67,515.8,9.47,44.9,72.9,1001
100,335,2150,12.29,40.77,3.605,3.68,511.1,9.47,5.2,72.9,101
100,335,2155,12.3,41.23,3.558,3.7,502,9.5,31.8,73.2,101
100,335,2200,12.31,41.73,3.77,3.74,491,9.5,15.4,73.3,101
100,335,2205,12.32,42.29,3.727,3.76,477.3,9.53,17.1,73.5,101